1000
999.683
999.366
999.05
998.733
998.417
998.101
997.785
997.469
997.153
996.837
996.522
996.207
995.891
995.576
995.261
994.946
994.632
994.317
994.003
993.689
993.374
993.06
992.747
992.433
992.119
991.806
991.493
991.179
990.866
990.553
990.241
989.928
989.616
989.303
988.991
988.679
988.367
988.055
987.743
987.432
987.12
986.809
986.498
986.187
985.876
985.565
985.255
984.944
984.634
984.324
984.014
983.704
983.394
983.084
982.775
982.465
982.156
981.847
981.538
981.229
980.92
980.612
980.303
979.995
979.687
979.379
979.071
978.763
978.455
978.148
977.84
977.533
977.226
976.919
976.612
976.305
975.999
975.692
975.386
975.08
974.774
974.468
974.162
973.856
973.551
973.245
972.94
972.635
972.33
972.025
971.72
971.416
971.111
970.807
970.503
970.198
969.895
969.591
969.287
968.983
